#!/bin/bash

N=100
declare -a X_ARRAY=(5798.4 8207.96 10423.4 4265.48 510.125 9948.52 591.302 10613.9 10912.1 175.666 4861.96 5346.33 2706.55 12000.6 8965.58 9847.24 3465.27 7142.35 11983.1 14099.4 10738.6 12235.4 5789.88 14016.8 13192 9976.26 13381.4 10525.8 13874.2 10362.2 937.202 3327.14 4630.09 8679.41 6286.53 14221.6 2416.41 14469.1 11979.6 2801.38 5704.09 7660.43 521.002 12781.7 8925.09 11096.1 11591.7 12902.3 13417.2 437.785 14633.9 14418.2 1344.04 7738.89 14268 5457.81 5049.03 11902.6 7318.43 2958.57 10094.1 8832.38 15405.4 6401.39 8422.72 3420.98 2939.92 13360.7 14056.4 11670.2 1451.13 9377.05 6364.27 11706.3 5363.45 9548.07 6047.49 5065.93 8174.28 5464.94 6088.45 8678.22 12012.6 631.507 2801.56 10555.6 2068.18 1067.09 6432.57 1891.65 2545.74 9359.18 7460.03 339.151 8375.63 4937.88 7603.64 3091.63 3251.5 1191.45)
declare -a Z_ARRAY=(-15883.3 -14239.8 -13803.2 -13704.8 -13686 -13190.4 -13186.8 -11687.9 -10896.8 -10638.7 -9858.75 -9527.12 -8894.77 -8684.74 -7728.7 -7306.82 -6945.52 -6663.26 -6250.39 -6224.45 -5982.04 -5945.23 -5214.14 -4590.18 -4219.06 -3812.02 -3653.66 -3250.83 -3020.47 -2904.87 -2166.19 -2093.73 -2023.03 -1646.48 -1267.08 -559.194 -230.666 31.2215 130.341 379.979 663.858 807.862 894.436 923.508 1027.6 1296.78 1368.98 1465.44 1620.97 1673.06 1854.5 2226.58 2567.6 2913.26 3280.7 3409.22 3987.46 3998.11 4000.68 4892.71 5076.03 5260.13 5267.06 5313.71 5503.6 5524.9 5911.59 5960.1 6258.84 7185.5 7202.63 7320.55 7475.23 8286.56 8364.08 8899.81 9269.32 9326.34 9359.44 9389.86 9453.15 9554.27 9755.18 9848.02 9877.67 10506.9 10548.6 11859.1 11928.4 12115.6 12477.4 12967.3 13056.9 13294.8 13316.7 13332.4 13688.7 13747.4 14425.5 15287.7)

for ((i=0; i<$N; i++))
do
    echo ${X_ARRAY[i]} ${Z_ARRAY[i]} >> pos.txt
done
