0   0
0   1000
0   -1000
0   2000
0   -2000
0   3000
0   -3000
0   4000
0   -4000
0   5000
0   -5000
0   6000
0   -6000
0   7000
0   -7000
0   8000
0   -8000
0   9000
0   -9000
0   10000
0   -10000
0   11000
0   -11000
0   12000
0   -12000
0   13000
0   -13000
0   14000
0   -14000
0   15000
0   -15000
0   16000
0   -16000
0   17000
0   -17000
5798.4  -15883.3
8207.96 -14239.8
10423.4 -13803.2
4265.48 -13704.8
510.125 -13686
9948.52 -13190.4
591.302 -13186.8
10613.9 -11687.9
10912.1 -10896.8
175.666 -10638.7
4861.96 -9858.75
5346.33 -9527.12
2706.55 -8894.77
12000.6 -8684.74
8965.58 -7728.7
9847.24 -7306.82
3465.27 -6945.52
7142.35 -6663.26
11983.1 -6250.39
14099.4 -6224.45
10738.6 -5982.04
12235.4 -5945.23
5789.88 -5214.14
14016.8 -4590.18
13192   -4219.06
9976.26 -3812.02
13381.4 -3653.66
10525.8 -3250.83
13874.2 -3020.47
10362.2 -2904.87
937.202 -2166.19
3327.14 -2093.73
4630.09 -2023.03
8679.41 -1646.48
6286.53 -1267.08
14221.6 -559.194
2416.41 -230.666
14469.1 31.2215
11979.6 130.341
2801.38 379.979
5704.09 663.858
7660.43 807.862
521.002 894.436
12781.7 923.508
8925.09 1027.6
11096.1 1296.78
11591.7 1368.98
12902.3 1465.44
13417.2 1620.97
437.785 1673.06
14633.9 1854.5
14418.2 2226.58
1344.04 2567.6
7738.89 2913.26
14268   3280.7
5457.81 3409.22
5049.03 3987.46
11902.6 3998.11
7318.43 4000.68
2958.57 4892.71
10094.1 5076.03
8832.38 5260.13
15405.4 5267.06
6401.39 5313.71
8422.72 5503.6
3420.98 5524.9
2939.92 5911.59
13360.7 5960.1
14056.4 6258.84
11670.2 7185.5
1451.13 7202.63
9377.05 7320.55
6364.27 7475.23
11706.3 8286.56
5363.45 8364.08
9548.07 8899.81
6047.49 9269.32
5065.93 9326.34
8174.28 9359.44
5464.94 9389.86
6088.45 9453.15
8678.22 9554.27
12012.6 9755.18
631.507 9848.02
2801.56 9877.67
10555.6 10506.9
2068.18 10548.6
1067.09 11859.1
6432.57 11928.4
1891.65 12115.6
2545.74 12477.4
9359.18 12967.3
7460.03 13056.9
339.151 13294.8
8375.63 13316.7
4937.88 13332.4
7603.64 13688.7
3091.63 13747.4
3251.5  14425.5
1191.45 15287.7
